#MECP2WT Enhancers
#Created from /work/OBI/Neuroinformatics_Core/s225347/Mecp2_project/results/MECP2_SE/MECP2WT_12KB_STITCHED_ENHANCER_REGION_MAP.txt
#Ranked by X7wk_CTX_MECP2WT_Mecp2_CNR_HS031219_N031419.final.sort.final.bam
#Using cutoff of 2917.0491 for Super-Enhancers
#Created on Sep 28 2023 
REGION_ID	CHROM	START	STOP	NUM_LOCI	CONSTITUENT_SIZE	X7wk_CTX_MECP2WT_Mecp2_CNR_HS031219_N031419.final.sort.final.bam	X7wk_CTX_MECP2KO_Mecp2_CNR_HS031219_N031419.final.sort.final.bam	enhancerRank	isSuper
13_Peak59829_lociStitched	chr7	115966154	116029734	13	16605	31325.866	5671.336	1	1
10_Peak35921_lociStitched	chr2	18024330	18064034	10	13489	23965.3344	4597.7232	2	1
14_Peak45317_lociStitched	chr3	148946232	149020190	14	11473	25160.5116	7070.3848	3	1
13_Peak46476_lociStitched	chr4	28862198	28920469	13	11015	23506.5214	6637.0669	4	1
11_Peak43496_lociStitched	chr3	86525304	86574269	11	10536	20379.233	4225.6795	5	1
12_Peak52897_lociStitched	chr5	131783176	131827664	12	8013	20700.2664	5031.5928	6	1
11_Peak16924_lociStitched	chr13	32208038	32243575	11	11031	18941.221	3283.6188	7	1
5_Peak36329_lociStitched	chr2	34358214	34370358	5	8031	15954.7872	1425.7056	8	1
10_Peak53738_lociStitched	chr6	15176145	15203082	10	14192	17021.4903	3108.5298	9	1
9_Peak36586_lociStitched	chr2	42621821	42672019	9	8188	18287.1314	4919.404	10	1
10_Peak46459_lociStitched	chr4	28808648	28845718	10	9021	18056.797	4741.253	11	1
9_Peak33685_lociStitched	chr18	84523853	84552683	9	8608	15790.191	2516.859	12	1
8_Peak22038_lociStitched	chr14	93858651	93899066	8	8956	18991.0085	6118.831	13	1
11_Peak4616_lociStitched	chr1	160561214	160629985	11	8453	20638.1771	8190.6261	14	1
6_Peak14152_lociStitched	chr12	46792352	46817530	6	8591	14530.2238	2648.7256	15	1
9_Peak3993_lociStitched	chr1	146500772	146527326	9	7456	14004.5796	2727.0958	16	1
10_Peak24558_lociStitched	chr15	50870020	50894575	10	9643	13961.973	2801.7255	17	1
6_Peak49572_lociStitched	chr4_GL456216_random	16917	32762	6	7042	13433.391	2349.8135	18	1
7_Peak22004_lociStitched	chr14	93534905	93587897	7	4762	17142.912	6576.3072	19	1
6_Peak4121_lociStitched	chr1	149856615	149876921	6	4313	13562.3774	3003.2574	20	1
8_Peak21715_lociStitched	chr14	84453129	84470110	8	7385	12774.8063	2241.492	21	1
7_Peak4686_lociStitched	chr1	162293888	162336980	7	4062	15000.3252	4636.6992	22	1
5_Peak66012_lociStitched	chr9	68855370	68893091	5	3743	13911.5048	3594.8113	23	1
9_Peak2633_lociStitched	chr1	95637512	95673897	9	7442	13658.929	3747.655	24	1
6_Peak63963_lociStitched	chr8	127174393	127227753	6	4131	14417.872	4855.76	25	1
5_Peak65317_lociStitched	chr9	48723490	48740494	5	2854	11508.3072	2144.2044	26	1
9_Peak36298_lociStitched	chr2	34232936	34252885	9	6589	11027.8072	1885.1805	27	1
6_Peak14219_lociStitched	chr12	49944826	49975279	6	3840	13368.867	4248.1935	28	1
8_Peak30202_lociStitched	chr17	63270439	63303647	8	7875	13060.7064	3965.0352	29	1
8_Peak67533_lociStitched	chrUn_GL456370	294	23292	8	6759	11860.0686	2812.6554	30	1
5_Peak40099_lociStitched	chr2	140517355	140535032	5	5032	11078.1759	2064.6736	31	1
6_Peak45064_lociStitched	chr3	142270994	142295257	6	4120	10792.1824	1831.8565	32	1
7_Peak32626_lociStitched	chr18	54972722	55001606	7	6011	12662.7456	3838.6836	33	1
4_Peak52114_lociStitched	chr5	98245910	98263456	4	4837	10180.1892	1358.0604	34	1
8_Peak15778_lociStitched	chr12	100568611	100616945	8	5164	13528.6866	4760.899	35	1
7_Peak51097_lociStitched	chr5	57841155	57878918	7	5392	13889.2314	5196.1888	36	1
5_Peak21973_lociStitched	chr14	93379907	93408123	5	5188	11692.7104	3081.1872	37	1
7_Peak54678_lociStitched	chr6	45062219	45084514	7	7267	11432.876	2947.399	38	1
7_Peak2843_lociStitched	chr1	105580389	105603624	7	7017	10683.453	2207.325	39	1
6_Peak65265_lociStitched	chr9	47698895	47739827	6	5006	13769.5248	5317.0668	40	1
7_Peak10305_lociStitched	chr11	26960271	26986590	7	4044	12362.0343	3955.7457	41	1
5_Peak43516_lociStitched	chr3	86751160	86761958	5	5580	9563.7886	1157.5456	42	1
5_Peak29241_lociStitched	chr17	10288780	10315707	5	3718	11567.8392	3207.0057	43	1
5_Peak51122_lociStitched	chr5	58063471	58099244	5	4777	12116.3151	3766.8969	44	1
6_Peak48133_lociStitched	chr4	91349513	91383082	6	4665	11641.7292	3293.1189	45	1
6_Peak10595_lociStitched	chr11	36682726	36703314	6	4201	10088.12	1916.7428	46	1
6_Peak33258_lociStitched	chr18	71348174	71388920	6	4261	11694.102	3540.8274	47	1
10_Peak39123_lociStitched	chr2	114610700	114632080	10	8086	10758.416	2614.774	48	1
5_Peak49832_lociStitched	chr5	13384601	13407237	5	4818	10718.146	2625.776	49	1
5_Peak47721_lociStitched	chr4	81550584	81579278	5	3754	10938.1528	2929.6574	50	1
5_Peak3727_lociStitched	chr1	138496502	138514872	5	4935	9513.823	1653.3	51	1
5_Peak32942_lociStitched	chr18	62168520	62207014	5	3905	11286.4408	3502.954	52	1
6_Peak56729_lociStitched	chr6	108417470	108456724	6	3199	13181.4932	5436.679	53	1
6_Peak27898_lociStitched	chr16	63849206	63873096	6	6825	10184.307	2501.283	54	1
7_Peak42667_lociStitched	chr3	60551690	60577397	7	4788	10799.5107	3251.9355	55	1
5_Peak5665_lociStitched	chr1	189023304	189055442	5	2490	10589.471	3146.3102	56	1
4_Peak29790_lociStitched	chr17	44792421	44810343	4	4616	9002.2206	1587.8892	57	1
6_Peak33977_lociStitched	chr19	14588874	14598444	6	4624	8795.787	1389.564	58	1
6_Peak40405_lociStitched	chr2	146325713	146357006	6	3726	10070.0874	2760.0426	59	1
5_Peak48698_lociStitched	chr4	109098265	109123234	5	3939	9308.4432	2042.4642	60	1
5_Peak10245_lociStitched	chr11	25835257	25863527	5	3461	11356.059	4099.15	61	1
4_Peak55291_lociStitched	chr6	63250979	63286587	4	3466	10664.596	3418.368	62	1
5_Peak45544_lociStitched	chr3	154692046	154713386	5	3476	9472.826	2227.896	63	1
4_Peak27483_lociStitched	chr16	50243206	50258325	4	4708	8638.9966	1449.9121	64	1
5_Peak14280_lociStitched	chr12	50534422	50550820	5	4055	9314.064	2139.939	65	1
6_Peak46400_lociStitched	chr4	26925420	26934828	6	6431	8231.0592	1125.1968	66	1
7_Peak22455_lociStitched	chr14	105718751	105744577	7	3486	10704.877	3600.1444	67	1
7_Peak20950_lociStitched	chr14	61636469	61651094	7	7410	9339.525	2252.25	68	1
5_Peak7886_lociStitched	chr10	74043377	74061059	5	5152	8266.335	1218.2898	69	1
4_Peak59067_lociStitched	chr7	89499412	89524263	4	3023	9356.4015	2343.4493	70	1
4_Peak37292_lociStitched	chr2	61643012	61658357	4	4176	8715.96	1703.295	71	1
6_Peak44366_lociStitched	chr3	121777790	121791406	6	4245	8523.616	1511.376	72	1
5_Peak45772_lociStitched	chr4	6762612	6791015	5	3535	10077.3844	3081.7255	73	1
7_Peak37074_lociStitched	chr2	56109533	56122646	7	4594	8210.0493	1241.8011	74	1
3_Peak21765_lociStitched	chr14	86153580	86171505	3	2595	9568.365	2638.56	75	1
6_Peak2952_lociStitched	chr1	109985645	110005442	6	6932	8696.8221	1773.8112	76	1
4_Peak39594_lociStitched	chr2	128378627	128396849	4	3765	8465.9412	1557.981	77	1
5_Peak31435_lociStitched	chr18	15065938	15081062	5	3243	8697.8124	1804.2932	78	1
6_Peak25835_lociStitched	chr15	94945281	94982251	6	3142	10177.841	3327.3	79	1
4_Peak22488_lociStitched	chr14	106500434	106520449	4	2702	8978.729	2147.6095	80	1
5_Peak41361_lociStitched	chr3	17318386	17335556	5	5359	9074.345	2285.327	81	1
5_Peak29612_lociStitched	chr17	30454665	30474757	5	2778	9125.7864	2362.8192	82	1
4_Peak40117_lociStitched	chr2	140652938	140684391	4	2163	10747.4901	3985.0951	83	1
2_Peak27691_lociStitched	chr16	57389853	57399184	2	1214	9334.7324	2600.5497	84	1
5_Peak34162_lociStitched	chr19	20536586	20560330	5	2882	10046.0864	3352.6528	85	1
4_Peak849_lociStitched	chr1	38428909	38451104	4	1992	8878	2190.6465	86	1
4_Peak3709_lociStitched	chr1	138125409	138149518	4	2543	8828.7158	2152.9337	87	1
4_Peak28289_lociStitched	chr16	75361697	75385135	4	4286	9246.291	2587.5552	88	1
4_Peak9502_lociStitched	chr10	122717872	122738927	4	2081	8805.201	2160.243	89	1
5_Peak45362_lociStitched	chr3	149340586	149382389	5	3466	10358.7834	3728.8276	90	1
5_Peak56152_lociStitched	chr6	95217292	95230046	5	2819	8006.9612	1427.1726	91	1
3_Peak5558_lociStitched	chr1	187258545	187283136	3	1728	8874.8919	2301.7176	92	1
4_Peak51110_lociStitched	chr5	58023456	58049958	4	4210	9328.704	2766.8088	93	1
4_Peak11935_lociStitched	chr11	85456911	85472652	4	3502	7843.7403	1293.9102	94	1
3_Peak24152_lociStitched	chr15	39215094	39222326	3	3122	7150.2784	638.5856	95	1
4_Peak45932_lociStitched	chr4	11998491	12018265	4	2443	9208.7518	2712.9928	96	1
3_Peak63015_lociStitched	chr8	90300941	90325513	3	2923	8678.8304	2201.6512	97	1
5_Peak47938_lociStitched	chr4	85801887	85832238	5	3018	8923.194	2467.5363	98	1
4_Peak38953_lociStitched	chr2	109943074	109965528	4	3388	8415.7592	2014.1238	99	1
5_Peak26527_lociStitched	chr16	24520944	24550932	5	4038	8864.4528	2569.9716	100	1
4_Peak29916_lociStitched	chr17	50282717	50292007	4	4496	7036.246	757.135	101	1
8_Peak5828_lociStitched	chr1	193332590	193382025	8	4298	11197.0275	4918.7825	102	1
3_Peak45835_lociStitched	chr4	7847394	7854791	3	2654	7413.2734	1156.1511	103	1
4_Peak47623_lociStitched	chr4	77647369	77656203	4	1992	8066.3254	1821.5708	104	1
5_Peak39842_lociStitched	chr2	135660028	135689030	5	3220	8880.4124	2659.4834	105	1
5_Peak45028_lociStitched	chr3	141887344	141909597	5	3041	8451.6894	2231.9759	106	1
4_Peak64195_lociStitched	chr9	10883598	10900015	4	3370	7824.3422	1621.9996	107	1
5_Peak37351_lociStitched	chr2	62622823	62630958	5	3294	7329.635	1142.154	108	1
3_Peak43221_lociStitched	chr3	80533582	80546634	3	1983	8114.4284	1956.4948	109	1
5_Peak7465_lociStitched	chr10	58362684	58392864	5	2747	10330.614	4176.912	110	1
4_Peak5553_lociStitched	chr1	187119275	187141692	4	2995	8498.2847	2347.0599	111	1
7_Peak55052_lociStitched	chr6	54368100	54413391	7	4042	9656.0412	3505.5234	112	1
3_Peak47755_lociStitched	chr4	82288235	82299183	3	2657	7619.808	1473.6008	113	1
5_Peak13810_lociStitched	chr12	38115269	38140848	5	3838	8359.2172	2215.1414	114	1
7_Peak42187_lociStitched	chr3	45385989	45399809	7	6045	7994.87	1868.464	115	1
4_Peak57514_lociStitched	chr6	140464990	140479368	4	1992	7913.6512	1792.9366	116	1
5_Peak11775_lociStitched	chr11	80602041	80623403	5	3008	8679.3806	2571.9848	117	1
6_Peak48287_lociStitched	chr4	97773117	97806952	6	4168	10556.52	4452.686	118	1
6_Peak52416_lociStitched	chr5	110910752	110944152	6	4590	8897.76	2795.58	119	1
4_Peak3286_lociStitched	chr1	126317933	126342630	4	3162	8224.101	2126.4117	120	1
4_Peak53895_lociStitched	chr6	21213677	21229936	4	4218	8407.5289	2354.3032	121	1
5_Peak56125_lociStitched	chr6	94672430	94700641	5	3662	9092.4053	3041.1458	122	1
5_Peak41498_lociStitched	chr3	21474184	21496132	5	2795	8827.4856	2793.9804	123	1
4_Peak17662_lociStitched	chr13	56721544	56738433	4	3398	7152.4915	1158.5854	124	1
4_Peak64435_lociStitched	chr9	23561892	23581753	4	2412	8166.8432	2188.6822	125	1
5_Peak45456_lociStitched	chr3	152724454	152761668	5	3563	9002.0666	3044.1052	126	1
3_Peak28438_lociStitched	chr16	78143997	78156968	3	1494	7176.8543	1227.0566	127	1
4_Peak24635_lociStitched	chr15	51823060	51839526	4	3718	8104.5652	2196.5644	128	1
4_Peak24531_lociStitched	chr15	50710600	50736393	4	3074	8630.3378	2744.3752	129	1
4_Peak14100_lociStitched	chr12	45929653	45943228	4	3457	7585.71	1714.5225	130	1
5_Peak27226_lociStitched	chr16	43292403	43316329	5	4762	8017.6026	2160.5178	131	1
3_Peak64726_lociStitched	chr9	30134231	30153204	3	1494	7892.768	2041.4948	132	1
4_Peak62777_lociStitched	chr8	81345532	81361638	4	3014	7104.3566	1294.9224	133	1
5_Peak10608_lociStitched	chr11	36816387	36837300	5	4479	8013.8616	2233.5084	134	1
5_Peak35251_lociStitched	chr19	55409442	55424422	5	3322	7115.5	1337.714	135	1
3_Peak39942_lociStitched	chr2	136912057	136921767	3	2832	6594.061	830.205	136	1
4_Peak38791_lociStitched	chr2	105717119	105731152	4	2700	7179.2828	1422.9462	137	1
4_Peak28352_lociStitched	chr16	77236958	77252876	4	2153	8100.6702	2382.9246	138	1
3_Peak7056_lociStitched	chr10	41809522	41831336	3	1869	8086.4498	2406.0842	139	1
4_Peak20291_lociStitched	chr14	29866317	29884128	4	2528	7799.4369	2158.6932	140	1
4_Peak39222_lociStitched	chr2	116046140	116055116	4	4866	6646.728	1031.3424	141	1
6_Peak8363_lociStitched	chr10	92684538	92703685	6	4132	6822.0761	1208.1757	142	1
4_Peak25650_lociStitched	chr15	91152452	91175705	4	3338	8117.6223	2506.6734	143	1
4_Peak37131_lociStitched	chr2	57900362	57920270	4	2968	7425.684	1833.5268	144	1
4_Peak64564_lociStitched	chr9	27176158	27203605	4	2308	8168.2272	2607.465	145	1
2_Peak14028_lociStitched	chr12	43826692	43832567	2	1492	6440.7625	904.75	146	1
3_Peak63894_lociStitched	chr8	125950216	125971815	3	1494	7512.1322	1976.3085	147	1
6_Peak30141_lociStitched	chr17	62643681	62660223	6	4779	7424.0496	1895.7132	148	1
3_Peak4590_lociStitched	chr1	160530136	160548710	3	2918	7823.3688	2295.7464	149	1
3_Peak32585_lociStitched	chr18	54527254	54546206	3	2007	7357.1664	1845.9248	150	1
3_Peak54493_lociStitched	chr6	37419385	37442586	3	2050	7299.0346	1795.7574	151	1
4_Peak27195_lociStitched	chr16	42906425	42915558	4	4219	7403.2098	1916.1034	152	1
5_Peak25023_lociStitched	chr15	65771612	65808605	5	2709	9814.2429	4331.8803	153	1
5_Peak19977_lociStitched	chr14	21136934	21151164	5	4634	7069.464	1588.068	154	1
4_Peak16848_lociStitched	chr13	29826291	29839172	4	3152	6868.1492	1442.672	155	1
3_Peak41406_lociStitched	chr3	18623763	18640689	3	2301	7058.142	1633.359	156	1
4_Peak56706_lociStitched	chr6	108054859	108074700	4	2267	7595.1348	2174.5736	157	1
5_Peak22704_lociStitched	chr14	114547528	114568521	5	3550	7626.7569	2210.5629	158	1
4_Peak25528_lociStitched	chr15	86235119	86253931	4	1992	6834.3996	1418.4248	159	1
4_Peak52285_lociStitched	chr5	103771804	103789568	4	3144	7723.7872	2319.9784	160	1
6_Peak2834_lociStitched	chr1	105550092	105566541	6	6000	6874.0371	1477.1202	161	1
4_Peak61513_lociStitched	chr8	36183941	36202944	4	2836	7198.3364	1828.0886	162	1
4_Peak34667_lociStitched	chr19	33223757	33252780	4	3134	8286.0665	2919.7138	163	1
4_Peak468_lociStitched	chr1	24225987	24249453	4	3485	8163.8214	2804.187	164	1
3_Peak28390_lociStitched	chr16	77443697	77461082	3	2845	7583.337	2227.0185	165	1
5_Peak24200_lociStitched	chr15	39840488	39874166	5	2664	8419.5	3064.698	166	1
3_Peak4339_lociStitched	chr1	155027133	155051674	3	1769	7865.3905	2532.6312	167	1
3_Peak24722_lociStitched	chr15	54466861	54482252	3	2130	6667.3812	1354.408	168	1
4_Peak47344_lociStitched	chr4	65958719	65977742	4	2464	7080.3606	1778.6505	169	1
4_Peak36779_lociStitched	chr2	47489272	47494875	4	3903	5720.1027	443.1973	170	1
4_Peak61135_lociStitched	chr8	23907049	23918439	4	2400	6712.127	1452.225	171	1
5_Peak31310_lociStitched	chr18	11888015	11906139	5	2959	7327.5332	2082.4476	172	1
4_Peak60026_lociStitched	chr7	121478779	121502139	4	3217	7463.52	2230.88	173	1
4_Peak40032_lociStitched	chr2	138809876	138839969	4	2843	8221.4076	2994.2535	174	1
4_Peak37443_lociStitched	chr2	64851734	64859582	4	3684	5863.2408	639.612	175	1
2_Peak11941_lociStitched	chr11	85487899	85492969	2	1226	5787.912	569.868	176	1
4_Peak41661_lociStitched	chr3	26229875	26247178	4	4409	7002.5241	1796.0514	177	1
4_Peak6677_lociStitched	chr10	26876649	26890931	4	2966	6472.6024	1291.0928	178	1
4_Peak19278_lociStitched	chr13	110673574	110704726	4	2172	8298.8928	3127.6608	179	1
4_Peak40042_lociStitched	chr2	139102713	139132563	4	1992	7432.65	2265.615	180	1
4_Peak21011_lociStitched	chr14	63571268	63600036	4	2379	7554.4768	2390.6208	181	1
4_Peak3438_lociStitched	chr1	129596736	129609818	4	2975	6607.7182	1445.561	182	1
3_Peak53212_lociStitched	chr5	141295056	141306881	3	2013	6191.57	1041.7825	183	1
4_Peak36291_lociStitched	chr2	34212381	34219352	4	3165	5881.4327	731.955	184	1
3_Peak5931_lociStitched	chr10	5179841	5204116	3	1743	8501.105	3354.805	185	1
4_Peak66454_lociStitched	chr9	83586247	83608603	4	2323	7462.4328	2325.024	186	1
4_Peak22084_lociStitched	chr14	95912512	95928498	4	3620	6413.5832	1322.0422	187	1
3_Peak56671_lociStitched	chr6	107156925	107168395	3	2139	6207.564	1119.472	188	1
3_Peak5532_lociStitched	chr1	186827684	186833190	3	3811	5661.2692	574.2758	189	1
4_Peak13848_lociStitched	chr12	38782540	38790239	4	3727	5995.2113	949.2867	190	1
4_Peak50837_lociStitched	chr5	49976037	50000047	4	2611	7239.015	2211.321	191	1
3_Peak24270_lociStitched	chr15	41076238	41089465	3	2522	6281.5023	1257.8877	192	1
2_Peak46036_lociStitched	chr4	13738708	13754422	2	3965	7234.7256	2215.674	193	1
3_Peak53917_lociStitched	chr6	21418337	21430732	3	2335	6747.838	1737.779	194	1
3_Peak64835_lociStitched	chr9	33822426	33827881	3	2567	5531.37	525.862	195	1
3_Peak66131_lociStitched	chr9	72021473	72038211	3	2368	6725.3284	1745.7734	196	1
7_Peak38709_lociStitched	chr2	102620664	102649740	7	3785	8801.3052	3832.2168	197	1
3_Peak2483_lociStitched	chr1	90264977	90284738	3	1957	6791.8557	1827.8925	198	1
4_Peak50981_lociStitched	chr5	54234655	54241650	4	3349	6402.5235	1449.364	199	1
3_Peak38439_lociStitched	chr2	94043449	94055361	3	2253	5938.132	1000.608	200	1
2_Peak38060_lociStitched	chr2	78959197	78972469	2	2417	6140.9544	1217.0424	201	1
3_Peak19185_lociStitched	chr13	109547781	109569216	3	2230	7090.698	2171.3655	202	1
3_Peak1220_lociStitched	chr1	50962347	50981086	3	1494	6895.952	2005.073	203	1
4_Peak1797_lociStitched	chr1	66807173	66820087	4	3831	6666.2068	1796.3374	204	1
5_Peak1142_lociStitched	chr1	46829426	46854038	5	3876	8392.692	3524.4384	205	1
3_Peak62151_lociStitched	chr8	57780673	57800743	3	2447	6653.205	1790.244	206	1
4_Peak47222_lociStitched	chr4	59360801	59381460	4	2146	6749.2953	1888.2326	207	1
5_Peak42934_lociStitched	chr3	69481752	69510155	5	3435	7597.8025	2752.2507	208	1
3_Peak48444_lociStitched	chr4	102089234	102102724	3	2584	6669.456	1826.546	209	1
4_Peak44255_lociStitched	chr3	118427837	118441990	4	4420	7195.3852	2355.0592	210	1
2_Peak56788_lociStitched	chr6	110128267	110137639	2	1779	5603.5188	764.7552	211	1
5_Peak26320_lociStitched	chr16	13193670	13208071	5	2490	6718.0665	1883.6508	212	1
3_Peak26591_lociStitched	chr16	25523745	25533311	3	2375	5908.9182	1080.0014	213	1
2_Peak51009_lociStitched	chr5	55407022	55416810	2	2074	5727.9376	911.2628	214	1
3_Peak55623_lociStitched	chr6	78327641	78340907	3	1841	5899.3902	1085.1588	215	1
5_Peak52972_lociStitched	chr5	132229663	132234545	5	3526	5322.8446	518.4684	216	1
4_Peak8572_lociStitched	chr10	97669138	97689859	4	2549	6481.5288	1680.4731	217	1
3_Peak35162_lociStitched	chr19	53353733	53365184	3	1708	6638.1447	1842.4659	218	1
3_Peak26186_lociStitched	chr16	8993337	9009791	3	1712	6273.9102	1484.1508	219	1
5_Peak4034_lociStitched	chr1	146710770	146730090	5	3923	6742.68	1955.184	220	1
2_Peak50568_lociStitched	chr5	42270659	42272540	2	996	5322.1014	534.9564	221	1
5_Peak21725_lociStitched	chr14	84498549	84519276	5	3937	7065.8343	2288.2608	222	1
3_Peak42040_lociStitched	chr3	38906819	38922136	3	3365	6252.3994	1476.5588	223	1
3_Peak40436_lociStitched	chr2	146950934	146959839	3	3687	5920.9345	1155.869	224	1
3_Peak14593_lociStitched	chr12	59620040	59631772	3	2198	6195.6692	1433.6504	225	1
5_Peak22168_lociStitched	chr14	98161959	98182142	5	6175	6801.671	2048.5745	226	1
4_Peak14439_lociStitched	chr12	53826274	53842766	4	3347	6412.0896	1667.3412	227	1
3_Peak5275_lociStitched	chr1	179371168	179386174	3	1494	6234.993	1502.1006	228	1
4_Peak1167_lociStitched	chr1	47275917	47292750	4	3176	6192.8607	1461.1044	229	1
3_Peak30348_lociStitched	chr17	67006869	67013680	3	1728	5692.6338	968.5242	230	1
3_Peak59700_lociStitched	chr7	113333958	113348246	3	2046	7641.2224	2919.0384	231	1
3_Peak8224_lociStitched	chr10	89243778	89263829	3	1494	6326.0905	1604.08	232	1
4_Peak13574_lociStitched	chr12	30227933	30251724	4	2176	7187.2611	2469.5058	233	1
3_Peak21857_lociStitched	chr14	88461487	88466919	3	3784	5497.184	781.1216	234	1
4_Peak8045_lociStitched	chr10	83038091	83067769	4	1992	6891.2316	2178.3652	235	1
3_Peak28106_lociStitched	chr16	72214986	72222675	3	2741	5523.7776	816.5718	236	1
4_Peak22111_lociStitched	chr14	96948939	96962953	4	3656	6024.6186	1324.323	237	1
5_Peak47992_lociStitched	chr4	87035512	87063291	5	2490	7844.7896	3152.9165	238	1
3_Peak21737_lociStitched	chr14	84540396	84549284	3	2213	5769.2008	1082.5584	239	1
3_Peak10759_lociStitched	chr11	40551987	40573840	3	1494	7008.2571	2336.0857	240	1
3_Peak3764_lociStitched	chr1	139079616	139090471	3	2701	5617.4625	973.6935	241	1
1_Peak5874_lociStitched	chr1	194049787	194050284	1	498	4835.9094	194.5258	242	1
3_Peak20345_lociStitched	chr14	31781597	31795052	3	1682	6430.1445	1805.661	243	1
3_Peak13328_lociStitched	chr12	16135554	16151854	3	1494	6466.21	1845.16	244	1
4_Peak14199_lociStitched	chr12	49473244	49482799	4	2966	5900.2125	1284.192	245	1
4_Peak47772_lociStitched	chr4	82474719	82491412	4	3320	6396.7576	1781.1431	246	1
3_Peak46908_lociStitched	chr4	47352009	47369125	3	2315	6213.108	1598.6344	247	1
4_Peak48328_lociStitched	chr4	98444663	98457068	4	3253	6002.7795	1390.6005	248	1
4_Peak66719_lociStitched	chr9	94523216	94536014	4	4190	6096.9672	1485.8478	249	1
4_Peak38685_lociStitched	chr2	102127272	102149471	4	1992	6686.3388	2075.6065	250	1
2_Peak60144_lociStitched	chr7	124747912	124759591	2	1777	5675.994	1083.8112	251	1
3_Peak55891_lociStitched	chr6	88605120	88622571	3	1494	6308.5365	1729.3941	252	1
3_Peak42262_lociStitched	chr3	48834637	48846876	3	2699	5585.8796	1025.6282	253	1
2_Peak14320_lociStitched	chr12	51107970	51118705	2	1295	5835.546	1275.318	254	1
4_Peak12690_lociStitched	chr11	111055358	111065151	4	2385	5513.459	957.7554	255	1
3_Peak21928_lociStitched	chr14	93072349	93088814	3	1870	6082.171	1532.8915	256	1
4_Peak43146_lociStitched	chr3	79218410	79250386	4	2745	8326.5504	3779.5632	257	1
2_Peak21689_lociStitched	chr14	83637792	83641231	2	2392	5005.1206	460.1382	258	1
4_Peak20216_lociStitched	chr14	27846864	27862839	4	2535	6902.7975	2357.91	259	1
3_Peak50495_lociStitched	chr5	39049120	39063559	3	1494	6114.9165	1573.851	260	1
5_Peak50767_lociStitched	chr5	48122595	48137051	5	3214	5873.4728	1342.9624	261	1
3_Peak22613_lociStitched	chr14	111476272	111487525	3	2909	6077.7453	1551.7887	262	1
3_Peak22009_lociStitched	chr14	93623879	93647943	3	2559	7313.0496	2789.0176	263	1
4_Peak46416_lociStitched	chr4	27960287	27967513	4	3130	5232.3466	712.4836	264	1
4_Peak51545_lociStitched	chr5	73359586	73380412	4	2101	6976.71	2459.5506	265	1
2_Peak26297_lociStitched	chr16	12196880	12210673	2	1529	5943.4037	1427.5755	266	1
3_Peak53008_lociStitched	chr5	132497893	132515783	3	1649	5966.315	1458.035	267	1
3_Peak39981_lociStitched	chr2	138033490	138048679	3	1494	5951.0502	1453.5873	268	1
2_Peak42008_lociStitched	chr3	37965140	37979067	2	1685	5948.2217	1453.9788	269	1
4_Peak39933_lociStitched	chr2	136788240	136808715	4	1992	7459.0425	2968.875	270	1
5_Peak65272_lociStitched	chr9	47753169	47762161	5	3107	5590.3264	1100.6208	271	1
3_Peak61741_lociStitched	chr8	41956811	41972868	3	1879	6528.7762	2040.8447	272	1
4_Peak1632_lociStitched	chr1	61924832	61934526	4	3679	5235.7294	755.1626	273	1
2_Peak51059_lociStitched	chr5	57713969	57728225	2	2097	6209.9136	1734.9552	274	1
3_Peak37394_lociStitched	chr2	63452174	63474630	3	2088	6581.8536	2113.1096	275	1
4_Peak22445_lociStitched	chr14	105624596	105632824	4	1992	5931.5652	1467.8752	276	1
1_Peak15092_lociStitched	chr12	78350768	78351265	1	498	5415.1629	952.6496	277	1
4_Peak24514_lociStitched	chr15	50665530	50676580	4	3687	5752.63	1299.48	278	1
3_Peak24187_lociStitched	chr15	39764173	39775868	3	1494	5831.127	1380.01	279	1
3_Peak13695_lociStitched	chr12	34462360	34482149	3	2887	6314.6699	1866.1027	280	1
5_Peak54658_lociStitched	chr6	43640490	43666633	5	3297	7191.9393	2758.0865	281	1
4_Peak31228_lociStitched	chr18	7408427	7411225	4	2334	5221.6276	810.8604	282	1
4_Peak62255_lociStitched	chr8	61236775	61265800	4	2438	6655.4325	2249.4375	283	1
3_Peak54719_lociStitched	chr6	45317710	45335191	3	2347	5746.0047	1342.5408	284	1
4_Peak13426_lociStitched	chr12	26086562	26102832	4	1992	6716.256	2336.372	285	1
1_Peak63608_lociStitched	chr8	113634782	113635660	1	879	4924.263	548.2232	286	1
2_Peak44822_lociStitched	chr3	136369899	136380402	2	1428	5578.1433	1204.6941	287	1
4_Peak60859_lociStitched	chr8	10538320	10548335	4	1992	5529.2815	1159.737	288	1
4_Peak10115_lociStitched	chr11	22005509	22018353	4	3325	5891.5428	1527.1516	289	1
3_Peak44226_lociStitched	chr3	117840095	117854421	3	1721	6025.5156	1666.1138	290	1
3_Peak12771_lociStitched	chr11	112457862	112471209	3	2133	5611.0788	1253.2833	291	1
5_Peak37610_lociStitched	chr2	68326115	68350948	5	3174	6821.6251	2465.9169	292	1
2_Peak33661_lociStitched	chr18	84368631	84379016	2	2727	5193.5385	839.108	293	1
2_Peak20915_lociStitched	chr14	60693003	60705385	2	996	5571.9	1222.1034	294	1
3_Peak21423_lociStitched	chr14	75892152	75912552	3	1494	6266.88	1921.68	295	1
3_Peak65074_lociStitched	chr9	42313659	42327240	3	2272	5905.0188	1561.815	296	1
4_Peak59402_lociStitched	chr7	100363205	100388584	4	1992	7029.983	2687.6361	297	1
3_Peak51438_lociStitched	chr5	71010851	71026424	3	2312	5972.2455	1638.2796	298	1
4_Peak56740_lociStitched	chr6	108554345	108571732	4	3174	5922.0122	1596.1266	299	1
3_Peak18109_lociStitched	chr13	80612965	80617389	3	3592	4894.7136	571.5808	300	1
3_Peak26569_lociStitched	chr16	25006060	25016873	3	2083	4857.1996	548.2191	301	1
5_Peak21825_lociStitched	chr14	87451986	87472919	5	3814	6206.6345	1898.6231	302	1
3_Peak37335_lociStitched	chr2	62489583	62503852	3	2435	6335.436	2031.9056	303	1
3_Peak27487_lociStitched	chr16	50306520	50316583	3	2818	5145.2119	842.2731	304	1
4_Peak33769_lociStitched	chr18	86708311	86724389	4	3596	5598.3596	1297.4946	305	1
4_Peak537_lociStitched	chr1	26276590	26291378	4	3107	5756.9684	1456.618	306	1
3_Peak22149_lociStitched	chr14	98074282	98095227	3	3065	6266.744	1968.83	307	1
3_Peak18161_lociStitched	chr13	81855965	81871622	3	1808	5821.2726	1523.4261	308	1
5_Peak62339_lociStitched	chr8	64624412	64658478	5	3994	9589.579	5293.8564	309	1
4_Peak52950_lociStitched	chr5	132129803	132136349	4	2177	5061.3672	770.4642	310	1
3_Peak6751_lociStitched	chr10	28683484	28698590	3	1656	6013.6986	1723.5946	311	1
6_Peak40170_lociStitched	chr2	141228276	141268881	6	4194	7690.587	3402.699	312	1
2_Peak54673_lociStitched	chr6	45026335	45040204	2	1551	5372.8506	1092.8772	313	1
4_Peak45941_lociStitched	chr4	12230790	12248434	4	2247	5822.52	1545.6144	314	1
4_Peak4758_lociStitched	chr1	164681492	164689860	4	1992	5515.3488	1241.8112	315	1
2_Peak36708_lociStitched	chr2	45246416	45259212	2	1079	5396.0732	1129.8868	316	1
3_Peak59371_lociStitched	chr7	99141133	99151765	3	1655	5690.2464	1436.3832	317	1
3_Peak15613_lociStitched	chr12	97130105	97152587	3	1813	6609.708	2358.3618	318	1
2_Peak46063_lociStitched	chr4	14075381	14088296	2	1166	5464.3365	1221.759	319	1
3_Peak34134_lociStitched	chr19	20217390	20239869	3	1881	6514.4142	2279.3706	320	1
4_Peak10293_lociStitched	chr11	26596909	26601402	4	2616	4799.8719	567.9152	321	1
4_Peak18935_lociStitched	chr13	103330716	103345213	4	2369	5607.4396	1388.8126	322	1
3_Peak58221_lociStitched	chr7	50507044	50523437	3	1494	5581.8165	1365.5369	323	1
3_Peak47859_lociStitched	chr4	84375974	84389428	3	2348	5271.2772	1057.4844	324	1
2_Peak39688_lociStitched	chr2	131740128	131749652	2	1539	4875.3356	681.9184	325	1
3_Peak46266_lociStitched	chr4	23738689	23753122	3	2593	5494.6431	1316.2896	326	1
3_Peak24535_lociStitched	chr15	50751466	50769090	3	2190	6439.8096	2262.9216	327	1
1_Peak57930_lociStitched	chr7	25267361	25268307	1	947	5306.0194	1133.4026	328	1
4_Peak18633_lociStitched	chr13	97386156	97397722	4	3320	5735.5794	1571.8194	329	1
3_Peak25530_lociStitched	chr15	86276848	86290513	3	1494	5550.723	1393.83	330	1
2_Peak25666_lociStitched	chr15	91369719	91377565	2	2082	4966.518	810.4918	331	1
4_Peak19961_lociStitched	chr14	20956059	20970621	4	2799	5900.5224	1745.9838	332	1
4_Peak33650_lociStitched	chr18	84288362	84307721	4	3633	6098.085	1945.5795	333	1
4_Peak53938_lociStitched	chr6	21590680	21610138	4	3043	6417.2484	2264.9112	334	1
3_Peak6431_lociStitched	chr10	20658291	20674229	3	2215	5795.0568	1646.3954	335	1
3_Peak34677_lociStitched	chr19	33366458	33380910	3	1802	5551.0132	1411.9604	336	1
3_Peak38177_lociStitched	chr2	82047066	82065242	3	2731	6347.0592	2217.472	337	1
4_Peak37403_lociStitched	chr2	63503795	63515018	4	2740	5011.0695	886.617	338	1
3_Peak60137_lociStitched	chr7	124671043	124685866	3	1818	5414.8419	1291.0833	339	1
4_Peak22746_lociStitched	chr14	115824187	115844267	4	3098	5708.744	1588.328	340	1
2_Peak33747_lociStitched	chr18	86410611	86421220	2	996	5482.7312	1364.3174	341	1
3_Peak7244_lociStitched	chr10	49256122	49264384	3	4147	4739.9094	624.6072	342	1
4_Peak51254_lociStitched	chr5	64241250	64275423	4	1992	6687.6561	2576.6442	343	1
3_Peak32639_lociStitched	chr18	55122213	55145011	3	2617	5918.3608	1812.441	344	1
3_Peak66862_lociStitched	chr9	98326013	98338730	3	1603	5229.2304	1125.4545	345	1
3_Peak64542_lociStitched	chr9	26632426	26635664	3	2079	4559.104	462.7102	346	1
2_Peak66661_lociStitched	chr9	92720709	92732563	2	1730	5408.9802	1316.9794	347	1
3_Peak62264_lociStitched	chr8	61298908	61317099	3	2115	5399.0888	1317.0284	348	1
4_Peak54905_lociStitched	chr6	51580120	51606656	4	2290	7337.204	3255.9672	349	1
3_Peak28518_lociStitched	chr16	81190606	81202576	3	2477	5663.007	1582.434	350	1
2_Peak54997_lociStitched	chr6	53572769	53585411	2	1356	5327.3388	1247.7654	351	1
4_Peak62457_lociStitched	chr8	67896294	67917452	4	2224	6074.4618	1995.1994	352	1
3_Peak10651_lociStitched	chr11	37222036	37231415	3	2694	5498.9077	1423.7322	353	1
5_Peak41601_lociStitched	chr3	25054686	25064555	5	4269	4882.1943	813.2056	354	1
3_Peak439_lociStitched	chr1	23258200	23274061	3	2257	6750.4416	2686.8534	355	1
4_Peak41502_lociStitched	chr3	21544189	21570150	4	2196	6952.3558	2889.4593	356	1
3_Peak34957_lociStitched	chr19	45945939	45957162	3	1856	5560.9965	1499.3928	357	1
2_Peak18289_lociStitched	chr13	85066633	85069062	2	2330	4484.1769	425.8037	358	1
3_Peak3034_lociStitched	chr1	115673273	115687443	3	2377	5794.113	1742.91	359	1
3_Peak51733_lociStitched	chr5	80773152	80784391	3	2095	5151.9576	1103.6698	360	1
2_Peak64473_lociStitched	chr9	24211647	24218119	2	996	4861.7664	814.1776	361	1
2_Peak24359_lociStitched	chr15	43585203	43588359	2	2060	4434.8112	402.0744	362	1
3_Peak40201_lociStitched	chr2	141545942	141569754	3	1677	6205.4072	2178.798	363	1
3_Peak51796_lociStitched	chr5	82420137	82441949	3	2498	6072.4608	2045.9656	364	1
3_Peak16559_lociStitched	chr13	19101610	19107031	3	1743	4781.322	756.7716	365	1
5_Peak53354_lociStitched	chr5	147037195	147056244	5	2888	6011.8644	1990.6205	366	1
2_Peak48022_lociStitched	chr4	87728531	87740068	2	996	4926.299	914.8841	367	1
4_Peak45634_lociStitched	chr3	157079865	157098782	4	2660	6127.2163	2116.8123	368	1
4_Peak35770_lociStitched	chr2	12389004	12404030	4	2923	5259.1	1250.1632	369	1
3_Peak368_lociStitched	chr1	21676743	21684883	3	1494	5268.208	1260.072	370	1
3_Peak50797_lociStitched	chr5	49089742	49100141	3	2610	4917.6871	916.1519	371	1
3_Peak67953_lociStitched	chrX	81074221	81086083	3	2690	4721.076	722.3958	372	1
3_Peak13906_lociStitched	chr12	40223077	40239617	3	1494	5681.49	1690.388	373	1
2_Peak50505_lociStitched	chr5	39316399	39326142	2	1321	5048.8226	1070.7557	374	1
2_Peak50972_lociStitched	chr5	54100737	54114196	2	2051	5174.9855	1199.1969	375	1
3_Peak17179_lociStitched	chr13	41746783	41759577	3	1921	5084.3356	1109.2398	376	1
3_Peak40229_lociStitched	chr2	142251200	142264894	3	2774	5087.321	1120.1692	377	1
4_Peak43793_lociStitched	chr3	101618639	101638524	4	2200	6058.9595	2093.8905	378	1
2_Peak48160_lociStitched	chr4	93879487	93886976	2	1184	4843.1363	879.9575	379	1
2_Peak1245_lociStitched	chr1	51327207	51334885	2	1879	4939.2574	981.2484	380	1
3_Peak68510_lociStitched	chrX	166795537	166809661	3	2006	4796.5104	844.6152	381	1
3_Peak48462_lociStitched	chr4	102224903	102241139	3	1677	6091.7472	2139.9048	382	1
3_Peak28953_lociStitched	chr16	96740251	96755534	3	2017	5613.4459	1662.7904	383	1
3_Peak29706_lociStitched	chr17	42345953	42366159	3	1888	5623.3298	1673.0568	384	1
3_Peak56057_lociStitched	chr6	93814588	93832489	3	2787	5696.0982	1747.1376	385	1
2_Peak20187_lociStitched	chr14	27219427	27229255	2	1348	4950.3636	1004.4216	386	1
3_Peak14395_lociStitched	chr12	53026991	53041024	3	2038	5865.794	1925.3276	387	1
3_Peak8986_lociStitched	chr10	107737768	107752953	3	1749	5281.343	1348.428	388	1
3_Peak13263_lociStitched	chr12	14082914	14097528	3	1961	5252.2716	1334.2582	389	1
3_Peak64299_lociStitched	chr9	16202279	16229089	3	2095	6485.339	2571.079	390	1
2_Peak14109_lociStitched	chr12	46083327	46091019	2	1418	4689.0432	782.2764	391	1
3_Peak36512_lociStitched	chr2	41968008	41981034	3	2489	5457.894	1551.3966	392	1
3_Peak44791_lociStitched	chr3	135856675	135863318	3	2903	4465.4246	563.9907	393	1
5_Peak43990_lociStitched	chr3	108759718	108793864	5	2719	6883.8336	2984.3604	394	1
3_Peak18906_lociStitched	chr13	103094072	103110258	3	1699	5640.821	1748.088	395	1
2_Peak26652_lociStitched	chr16	26775851	26782652	2	996	4591.3551	699.8229	396	1
1_Peak63201_lociStitched	chr8	97345949	97347106	1	1158	4104.9203	225.1522	397	1
3_Peak40088_lociStitched	chr2	140497463	140503186	3	3125	4426.7405	550.5526	398	1
3_Peak40416_lociStitched	chr2	146414501	146425874	3	3084	5059.8477	1183.9293	399	1
4_Peak52763_lociStitched	chr5	126967024	126974998	4	1992	4629.7044	758.3274	400	1
4_Peak50753_lociStitched	chr5	47979192	47990867	4	3400	4890.6575	1022.73	401	1
2_Peak31421_lociStitched	chr18	14992953	15002410	2	996	4666.0838	801.0079	402	1
3_Peak36320_lociStitched	chr2	34281205	34288665	3	3476	4334.26	470.726	403	1
2_Peak26776_lociStitched	chr16	30977096	30984420	2	1321	4626.5708	767.5552	404	1
4_Peak43192_lociStitched	chr3	80033037	80059065	4	2566	6564.2616	2712.1176	405	1
3_Peak40325_lociStitched	chr2	144441183	144466276	3	2226	6338.4918	2486.7163	406	1
4_Peak22779_lociStitched	chr14	116975154	116984118	4	2783	5044.9392	1194.9012	407	1
3_Peak46209_lociStitched	chr4	20639029	20650451	3	2260	4872.6252	1023.4112	408	1
3_Peak47680_lociStitched	chr4	80861042	80866626	3	3038	4448.7728	604.1888	409	1
2_Peak63641_lociStitched	chr8	114452684	114463206	2	1514	4673.8724	832.2902	410	1
2_Peak7379_lociStitched	chr10	54040136	54045867	2	1173	4243.8055	414.9244	411	1
2_Peak19589_lociStitched	chr14	8502464	8512209	2	1800	4718.529	894.591	412	1
3_Peak19995_lociStitched	chr14	21291386	21310944	3	1953	5441.0356	1621.3582	413	1
4_Peak1395_lociStitched	chr1	55382954	55404725	4	2300	6043.6296	2227.1733	414	1
4_Peak34440_lociStitched	chr19	27556592	27576934	4	1992	5675.418	1863.3272	415	1
2_Peak10832_lociStitched	chr11	42528203	42535714	2	1204	5088.7025	1276.87	416	1
4_Peak15107_lociStitched	chr12	79342960	79359381	4	2405	5382.8038	1571.4897	417	1
2_Peak9454_lociStitched	chr10	120863792	120876512	2	1472	5049.84	1238.928	418	1
3_Peak40763_lociStitched	chr2	162300010	162313836	3	3384	5122.533	1312.0874	419	1
2_Peak17055_lociStitched	chr13	36892263	36894342	2	996	4080.0375	272.349	420	1
4_Peak39740_lociStitched	chr2	132733534	132758343	4	1992	6341.1804	2535.4798	421	1
2_Peak53762_lociStitched	chr6	15780659	15790005	2	996	4641.2236	841.14	422	1
4_Peak44024_lociStitched	chr3	109575246	109606609	4	2456	7144.4914	3346.4321	423	1
2_Peak61257_lociStitched	chr8	28646511	28656458	2	1645	5033.182	1238.4015	424	1
3_Peak66867_lociStitched	chr9	98374848	98400890	3	2459	6304.7682	2518.2614	425	1
2_Peak58649_lociStitched	chr7	72590273	72593081	2	1781	4560.4728	778.0968	426	1
3_Peak37426_lociStitched	chr2	64093742	64111613	3	2272	5137.9125	1359.9831	427	1
4_Peak46305_lociStitched	chr4	24542143	24546834	4	2816	4342.4587	566.2037	428	1
4_Peak9649_lociStitched	chr10	126483443	126496755	4	2223	5197.0048	1421.7216	429	1
2_Peak59651_lociStitched	chr7	112663052	112666200	2	1214	3982.8496	209.6568	430	1
3_Peak14089_lociStitched	chr12	45465993	45468891	3	2270	3953.7414	183.7332	431	1
2_Peak5902_lociStitched	chr1	194881657	194885909	2	1326	4582.8056	818.51	432	1
3_Peak61701_lociStitched	chr8	41032506	41048440	3	1657	5200.8576	1438.8402	433	1
3_Peak28968_lociStitched	chr16	97001719	97017882	3	2690	5170.5437	1412.6462	434	1
2_Peak10333_lociStitched	chr11	28571883	28584584	2	1626	5182.008	1425.0522	435	1
3_Peak49269_lociStitched	chr4	138718522	138724656	3	1494	4531.1858	779.6314	436	1
2_Peak65245_lociStitched	chr9	47527150	47530476	2	1544	4375.6856	632.9378	437	1
4_Peak35891_lociStitched	chr2	17413878	17425485	4	3099	4688.0673	954.0954	438	1
2_Peak25764_lociStitched	chr15	93845472	93853758	2	1354	4576.3578	844.3434	439	1
4_Peak29068_lociStitched	chr17	5260963	5288009	4	1992	6661.4298	2934.491	440	1
1_Peak60207_lociStitched	chr7	127208778	127209275	1	498	4348.5015	622.5919	441	1
3_Peak30289_lociStitched	chr17	65170487	65181697	3	1494	4749.677	1031.32	442	1
3_Peak50678_lociStitched	chr5	44877002	44897306	3	1494	5924.7072	2211.1056	443	1
5_Peak21943_lociStitched	chr14	93166901	93186505	5	5498	5828.2692	2115.2716	444	1
3_Peak59008_lociStitched	chr7	87110386	87114226	3	2120	4265.856	554.112	445	1
3_Peak54142_lociStitched	chr6	28582738	28597876	3	1854	4986.4572	1280.6748	446	1
3_Peak33754_lociStitched	chr18	86484798	86496992	3	2312	4872.7224	1171.8434	447	1
3_Peak43694_lociStitched	chr3	97928885	97942297	3	1494	4808.202	1107.8312	448	1
4_Peak27515_lociStitched	chr16	50717309	50737059	4	2823	5689.975	1990.8	449	1
2_Peak19635_lociStitched	chr14	9786953	9794070	2	1646	4571.2491	872.5442	450	1
3_Peak66613_lociStitched	chr9	90696409	90704149	3	2945	4299.57	601.398	451	1
4_Peak63026_lociStitched	chr8	90521182	90543138	4	2265	5730.516	2033.1256	452	1
2_Peak2962_lociStitched	chr1	110067423	110078894	2	1244	4836.1736	1148.2471	453	1
4_Peak39174_lociStitched	chr2	115510415	115528632	4	3353	5745.6418	2062.1644	454	1
3_Peak45543_lociStitched	chr3	154651351	154669021	3	2133	5502.438	1823.544	455	1
1_Peak21183_lociStitched	chr14	67715599	67716096	1	498	4336.6232	659.2705	456	1
6_Peak28042_lociStitched	chr16	70073691	70096059	6	3839	5869.3632	2194.3008	457	1
4_Peak10766_lociStitched	chr11	40764609	40787357	4	2189	6048.6932	2374.8912	458	1
3_Peak49433_lociStitched	chr4	150337232	150347838	3	1740	4856.4874	1183.6296	459	1
3_Peak12727_lociStitched	chr11	111522756	111538047	3	1494	4935.9348	1270.6821	460	1
3_Peak36562_lociStitched	chr2	42526032	42531951	3	2532	4725.7296	1061.8686	461	1
4_Peak44402_lociStitched	chr3	122458640	122475261	4	2150	5185.752	1537.4425	462	1
2_Peak7264_lociStitched	chr10	49784670	49794859	2	1516	4909.0602	1264.4549	463	1
3_Peak13102_lociStitched	chr12	8344787	8364691	3	1621	5519.3792	1874.9568	464	1
2_Peak22976_lociStitched	chr14	120829879	120832055	2	1267	4133.9648	493.5168	465	1
2_Peak47703_lociStitched	chr4	81280375	81285993	2	1531	4345.523	707.3062	466	1
3_Peak13433_lociStitched	chr12	26160684	26176972	3	2599	5215.4176	1583.1936	467	1
4_Peak26416_lociStitched	chr16	21182135	21204742	4	1992	5760.2636	2129.5794	468	1
4_Peak6242_lociStitched	chr10	14207683	14216512	4	2413	5352.1398	1721.655	469	1
3_Peak44100_lociStitched	chr3	114900112	114908238	3	2594	4546.497	918.238	470	1
4_Peak2489_lociStitched	chr1	90346973	90369126	4	2715	5695.5363	2073.5208	471	1
3_Peak66368_lociStitched	chr9	80292933	80298912	3	3561	4245.09	628.9908	472	1
3_Peak6076_lociStitched	chr10	9586266	9603018	3	2169	5074.1808	1459.0992	473	1
3_Peak36747_lociStitched	chr2	45922054	45928351	3	2612	4254.8829	643.5534	474	1
1_Peak56702_lociStitched	chr6	108021749	108022246	1	498	3803.9386	201.9311	475	1
2_Peak49856_lociStitched	chr5	13585205	13593857	2	1788	4373.586	771.7584	476	1
3_Peak42222_lociStitched	chr3	46324753	46341078	3	1494	5398.6775	1797.3825	477	1
2_Peak44495_lociStitched	chr3	124586817	124588243	2	1388	3744.676	146.4502	478	1
2_Peak18976_lociStitched	chr13	103908577	103918854	2	2644	4638.0101	1043.1155	479	1
3_Peak6986_lociStitched	chr10	40370579	40376700	3	1912	4358.152	763.2887	480	1
2_Peak34768_lociStitched	chr19	37255136	37266043	2	996	5949.7685	2359.1841	481	1
3_Peak49495_lociStitched	chr4	151815352	151834534	3	2219	5562.78	1973.8278	482	1
2_Peak66668_lociStitched	chr9	92889927	92900163	2	1418	4758.7164	1172.022	483	1
3_Peak18833_lociStitched	chr13	101905734	101915946	3	1494	4899.7176	1317.348	484	1
2_Peak49977_lociStitched	chr5	18472187	18484850	2	996	4763.8206	1182.7242	485	1
4_Peak64607_lociStitched	chr9	27766173	27771248	4	2142	4145.26	564.34	486	1
2_Peak62981_lociStitched	chr8	89850098	89860261	2	1305	4631.2791	1053.9031	487	1
2_Peak10637_lociStitched	chr11	37140974	37154431	2	2017	5419.1339	1844.9547	488	1
3_Peak8290_lociStitched	chr10	90859616	90873619	3	2009	4962.6632	1393.2985	489	1
3_Peak18782_lociStitched	chr13	100954437	100972452	3	2328	5262.1815	1693.41	490	1
3_Peak66165_lociStitched	chr9	72834963	72844897	3	1494	4721.6302	1153.3374	491	1
3_Peak63991_lociStitched	chr8	127608808	127614641	3	2207	3925.609	360.4794	492	1
4_Peak51067_lociStitched	chr5	57741910	57756684	4	2928	5238.8604	1673.8942	493	1
3_Peak21193_lociStitched	chr14	68034359	68045180	3	1764	4691.9856	1128.6303	494	1
3_Peak65133_lociStitched	chr9	43537032	43549294	3	1623	4896.2166	1334.1056	495	1
3_Peak7357_lociStitched	chr10	53630034	53641972	3	2029	4770.4248	1214.0946	496	1
2_Peak18926_lociStitched	chr13	103199847	103212289	2	1477	4782.7048	1234.2464	497	1
4_Peak11434_lociStitched	chr11	66365765	66387149	4	2239	5213.4192	1665.8136	498	1
3_Peak61730_lociStitched	chr8	41818291	41825271	3	1494	4100.052	556.306	499	1
4_Peak47476_lociStitched	chr4	70307060	70320862	4	2428	4993.5636	1451.9704	500	1
3_Peak56941_lociStitched	chr6	115363271	115367349	3	2231	4282.3078	744.6428	501	1
2_Peak3751_lociStitched	chr1	138982897	138996064	2	1696	4945.5252	1410.1857	502	1
3_Peak37560_lociStitched	chr2	67576893	67588034	3	2387	4449.7154	916.9043	503	1
4_Peak27232_lociStitched	chr16	43329360	43344380	4	3538	4654.698	1124.998	504	1
4_Peak27874_lociStitched	chr16	63741269	63749394	4	4341	4281.0625	755.625	505	1
3_Peak34492_lociStitched	chr19	28380630	28393340	3	1681	4981.049	1462.921	506	1
5_Peak48300_lociStitched	chr4	97894285	97908509	5	3674	5551.6272	2035.4544	507	1
3_Peak2432_lociStitched	chr1	89049578	89070425	3	1494	5103.3456	1590.6261	508	1
3_Peak35242_lociStitched	chr19	55377313	55387363	3	2597	4547.625	1045.2	509	1
3_Peak22440_lociStitched	chr14	105588458	105603595	3	2222	5005.8059	1504.6178	510	1
3_Peak11498_lociStitched	chr11	67991304	68001963	3	2288	4364.8605	864.4449	511	1
2_Peak58245_lociStitched	chr7	51617826	51631185	2	1549	4397.7828	899.0607	512	1
4_Peak11969_lociStitched	chr11	85755101	85766942	4	2857	4610.8854	1115.4222	513	1
3_Peak5689_lociStitched	chr1	189632070	189645927	3	1671	4938.6348	1445.2851	514	1
2_Peak48717_lociStitched	chr4	109758866	109764545	2	4473	4387.5954	901.2573	515	1
3_Peak19192_lociStitched	chr13	109605032	109619380	3	1670	4911.3204	1427.626	516	1
4_Peak32844_lociStitched	chr18	59318462	59339812	4	2672	5506.165	2023.98	517	1
3_Peak61960_lociStitched	chr8	48773801	48793447	3	2909	4968.4734	1487.2022	518	1
4_Peak27891_lociStitched	chr16	63808690	63823404	4	3623	4880.6338	1405.187	519	1
3_Peak45505_lociStitched	chr3	153484759	153501921	3	2147	5018.1688	1542.8638	520	1
2_Peak34273_lociStitched	chr19	23134206	23141292	2	1283	4914.8496	1441.2924	521	1
2_Peak27697_lociStitched	chr16	57490409	57502319	2	1619	4424.565	953.991	522	1
3_Peak5603_lociStitched	chr1	187995139	188003822	3	2805	4249.4602	782.3383	523	1
5_Peak12872_lociStitched	chr11	117097181	117115187	5	2490	5349.5826	1883.4276	524	1
3_Peak24332_lociStitched	chr15	42577271	42589363	3	1860	4593.7508	1130.602	525	1
3_Peak51013_lociStitched	chr5	55449000	55465652	3	1657	5308.6576	1846.7068	526	1
3_Peak25662_lociStitched	chr15	91314967	91327479	3	1707	4817.12	1356.3008	527	1
3_Peak4916_lociStitched	chr1	169346810	169354374	3	1494	4184.4048	725.3876	528	1
2_Peak11779_lociStitched	chr11	80664228	80670846	2	1484	4419.5004	963.5808	529	1
4_Peak29936_lociStitched	chr17	50629514	50651206	4	2231	5650.766	2197.3996	530	1
3_Peak19165_lociStitched	chr13	109340968	109354727	3	2042	4602.3855	1150.2524	531	1
3_Peak50189_lociStitched	chr5	25080468	25089990	3	1848	4539.1374	1095.9822	532	1
2_Peak44846_lociStitched	chr3	137056894	137069789	2	1485	4973.6015	1530.6365	533	1
3_Peak36377_lociStitched	chr2	35767836	35776047	3	1808	4574.3481	1144.6134	534	1
2_Peak55372_lociStitched	chr6	65563898	65570071	2	1790	4083.4395	654.9553	535	1
5_Peak7343_lociStitched	chr10	53338315	53348616	5	3154	4569.5236	1142.3809	536	1
2_Peak3673_lociStitched	chr1	137326754	137332762	2	1200	3926.8288	501.668	537	1
3_Peak29545_lociStitched	chr17	28406471	28420399	3	1695	4608.7752	1185.2728	538	1
3_Peak53776_lociStitched	chr6	16328368	16334783	3	4187	4175.5235	755.687	539	1
2_Peak57876_lociStitched	chr7	6727368	6728902	2	1456	4049.2998	631.0876	540	1
4_Peak8659_lociStitched	chr10	99164679	99173896	4	2168	4549.5112	1131.8476	541	1
3_Peak46843_lociStitched	chr4	44310532	44325761	3	2791	4953.9937	1536.6061	542	1
2_Peak26449_lociStitched	chr16	22156605	22160205	2	3078	3762	344.88	543	1
2_Peak59783_lociStitched	chr7	115617230	115623320	2	3512	4073.601	662.592	544	1
3_Peak25726_lociStitched	chr15	92577503	92587887	3	2008	4450.5824	1042.5536	545	1
3_Peak37223_lociStitched	chr2	60035235	60038684	3	2546	3764.2386	358.3511	546	1
3_Peak64635_lociStitched	chr9	28211833	28226264	3	1494	5046.5207	1642.2478	547	1
4_Peak12544_lociStitched	chr11	108136245	108150828	4	2691	4837.1811	1442.2587	548	1
4_Peak41211_lociStitched	chr3	8850706	8863718	4	2870	4768.898	1374.0672	549	1
3_Peak64885_lociStitched	chr9	34907891	34920515	3	1697	4438.5984	1044.0048	550	1
1_Peak3378_lociStitched	chr1	128102321	128103356	1	1036	3960.4275	569.5605	551	1
2_Peak63699_lociStitched	chr8	116619595	116622143	2	2127	3864.042	473.928	552	1
3_Peak63271_lociStitched	chr8	99412367	99424191	3	2418	4503.7616	1116.1856	553	1
3_Peak52969_lociStitched	chr5	132202344	132206693	3	1994	3783.1951	398.8033	554	1
3_Peak52097_lociStitched	chr5	97928837	97937997	3	2679	4099.1	715.396	555	1
3_Peak59399_lociStitched	chr7	100283277	100302790	3	1494	4868.4935	1484.9393	556	1
2_Peak63110_lociStitched	chr8	93561239	93572475	2	1361	4923.6152	1540.4556	557	1
2_Peak55176_lociStitched	chr6	58932989	58946683	2	1542	4968.1832	1587.1346	558	1
3_Peak19744_lociStitched	chr14	11994657	12012102	3	1794	5165.4645	1786.368	559	1
3_Peak27109_lociStitched	chr16	41088566	41103249	3	1713	4936.4246	1559.3346	560	1
3_Peak23884_lociStitched	chr15	30270915	30289482	3	1494	5441.9877	2066.5071	561	1
1_Peak53089_lociStitched	chr5	135545222	135545719	1	498	3528.4515	153.2251	562	1
2_Peak48249_lociStitched	chr4	96968656	96980692	2	996	4612.1952	1240.9116	563	1
2_Peak54920_lociStitched	chr6	51857439	51871479	2	1713	4741.308	1371.708	564	1
2_Peak61220_lociStitched	chr8	26808442	26817460	2	996	4213.2096	848.5938	565	1
3_Peak18643_lociStitched	chr13	97442460	97459603	3	1494	5017.7561	1654.2995	566	1
4_Peak7169_lociStitched	chr10	45371762	45385756	4	3151	4413.7076	1052.3488	567	1
3_Peak52939_lociStitched	chr5	132074628	132081132	3	3517	4102.7232	744.708	568	1
3_Peak54061_lociStitched	chr6	25017650	25033329	3	1725	4946.7245	1594.5543	569	1
3_Peak55514_lociStitched	chr6	73644823	73659538	3	1730	4750.002	1397.925	570	1
2_Peak40251_lociStitched	chr2	142718818	142732045	2	1322	4452.2082	1100.4864	571	1
3_Peak8946_lociStitched	chr10	106930418	106939243	3	2754	4259.8275	908.975	572	1
3_Peak20001_lociStitched	chr14	21367084	21373141	3	1815	4481.5743	1130.8419	573	1
3_Peak31340_lociStitched	chr18	12655022	12671587	3	2070	4967.8435	1618.4005	574	1
3_Peak32913_lociStitched	chr18	61776811	61794179	3	1494	4757.0952	1408.5448	575	1
3_Peak40346_lociStitched	chr2	145160910	145173446	3	2177	4441.5048	1093.1392	576	1
3_Peak28335_lociStitched	chr16	76938117	76955916	3	1680	4755.8928	1407.9009	577	1
1_Peak27193_lociStitched	chr16	42875274	42875771	1	498	4069.2372	722.2404	578	1
2_Peak9328_lociStitched	chr10	117000918	117014887	2	1898	4326.1993	979.2269	579	1
3_Peak14799_lociStitched	chr12	70696222	70698990	3	1953	3894.0224	554.1536	580	1
2_Peak44066_lociStitched	chr3	111067467	111070589	2	2330	3603.4124	265.37	581	1
2_Peak34299_lociStitched	chr19	23563560	23577529	2	1579	4416.9978	1082.5975	582	1
4_Peak66214_lociStitched	chr9	75235198	75255260	4	2256	5721.6824	2387.378	583	1
3_Peak490_lociStitched	chr1	24661564	24673710	3	1494	4347.0534	1014.191	584	1
3_Peak55591_lociStitched	chr6	77443820	77458436	3	1494	4618.656	1287.6696	585	1
2_Peak24588_lociStitched	chr15	51205574	51218153	2	2479	4597.6245	1266.7053	586	1
3_Peak41115_lociStitched	chr2	179582865	179599352	3	1977	4568.5477	1241.4711	587	1
2_Peak5433_lociStitched	chr1	183183282	183194657	2	1350	4418.05	1093.1375	588	1
3_Peak9214_lociStitched	chr10	113930225	113947279	3	1806	4744.4228	1420.5982	589	1
2_Peak19958_lociStitched	chr14	20929008	20938971	2	1249	4199.4045	876.744	590	1
1_Peak15619_lociStitched	chr12	97217405	97218872	1	1468	3538.404	216.0891	591	1
2_Peak3059_lociStitched	chr1	116192199	116195703	2	1324	3641.0064	321.6672	592	1
3_Peak19756_lociStitched	chr14	12139447	12152415	3	2140	4521.9416	1207.3208	593	1
3_Peak20902_lociStitched	chr14	60409952	60418537	3	1988	4253.009	940.916	594	1
3_Peak50460_lociStitched	chr5	38082960	38091367	3	3471	4322.0387	1010.5214	595	1
2_Peak43158_lociStitched	chr3	79425390	79436714	2	1219	4406.1684	1095.0308	596	1
2_Peak67319_lociStitched	chr9	115967578	115978874	2	1928	4612.1568	1302.4288	597	1
4_Peak60800_lociStitched	chr8	9226699	9239734	4	2217	4806.0045	1496.418	598	1
2_Peak10068_lociStitched	chr11	20542690	20555527	2	1687	5128.3815	1819.0029	599	1
3_Peak19581_lociStitched	chr14	8460324	8477121	3	1696	4886.2473	1578.918	600	1
4_Peak38390_lociStitched	chr2	92672238	92697904	4	2101	5959.6452	2656.431	601	1
3_Peak30864_lociStitched	chr17	84698592	84714164	3	1708	4509.6512	1208.3872	602	1
2_Peak3423_lociStitched	chr1	129484432	129491686	2	996	3907.0044	616.59	603	1
2_Peak35942_lociStitched	chr2	18311982	18314494	2	2488	3645.9168	356.2016	604	1
3_Peak58257_lociStitched	chr7	51833160	51852492	3	2406	4546.8864	1268.1792	605	1
2_Peak43644_lociStitched	chr3	95624583	95628231	2	996	4309.7472	1034.208	606	1
2_Peak38153_lociStitched	chr2	81129902	81137098	2	1559	4028.3208	753.4212	607	1
3_Peak31909_lociStitched	chr18	31441548	31449625	3	1970	5047.3173	1772.9015	608	1
2_Peak33238_lociStitched	chr18	70184506	70194289	2	1253	3994.3989	720.0288	609	1
4_Peak26427_lociStitched	chr16	21519642	21525891	4	2486	4143.087	871.1106	610	1
2_Peak23535_lociStitched	chr15	20221568	20224156	2	1708	3845.2504	574.0184	611	1
2_Peak9041_lociStitched	chr10	109131730	109142730	2	1484	4609	1338.7	612	1
4_Peak18052_lociStitched	chr13	78161975	78176335	4	3656	5176.78	1907.008	613	1
3_Peak62246_lociStitched	chr8	60859379	60867934	3	1494	4429.779	1160.058	614	1
2_Peak33716_lociStitched	chr18	85154022	85156056	2	1721	3673.6074	405.3762	615	1
2_Peak3408_lociStitched	chr1	129169929	129180820	2	996	4069.9667	804.8449	616	1
2_Peak59047_lociStitched	chr7	89168684	89178980	2	996	4466.4048	1201.5432	617	1
3_Peak18778_lociStitched	chr13	100890438	100894266	3	2033	4051.5552	789.7164	618	1
2_Peak7732_lociStitched	chr10	69155436	69168227	2	996	4626.5047	1368.637	619	1
3_Peak2829_lociStitched	chr1	105518427	105524474	3	1907	3685.0418	428.7323	620	1
2_Peak20389_lociStitched	chr14	33296526	33303889	2	1331	3889.8729	634.6906	621	1
4_Peak66186_lociStitched	chr9	73258054	73274056	4	2220	4688.586	1433.7792	622	1
3_Peak23055_lociStitched	chr14	122870589	122876527	3	1651	4099.5952	844.9774	623	1
4_Peak25673_lociStitched	chr15	91426916	91445908	4	3323	5110.7472	1857.4176	624	1
2_Peak39272_lociStitched	chr2	116913906	116924082	2	1513	4546.6368	1294.3872	625	1
2_Peak37580_lociStitched	chr2	67971118	67979647	2	1600	4430.8155	1179.5607	626	1
3_Peak27110_lociStitched	chr16	41125039	41131503	3	1716	3825.3952	576.5888	627	1
2_Peak18037_lociStitched	chr13	77890494	77902552	2	1831	4501.2514	1252.8262	628	1
2_Peak48165_lociStitched	chr4	94007238	94018296	2	996	4206.4632	958.7286	629	1
2_Peak17278_lociStitched	chr13	44073124	44074678	2	996	3582.9024	338.772	630	1
4_Peak23065_lociStitched	chr14	122943068	122958337	4	2575	4852.4882	1610.8795	631	1
3_Peak23598_lociStitched	chr15	21519044	21537404	3	2125	5017.788	1777.248	632	1
3_Peak42697_lociStitched	chr3	61355820	61364057	3	2208	4696.7374	1456.3016	633	1
3_Peak45927_lociStitched	chr4	11920211	11940649	3	1729	5037.967	1802.6316	634	1
4_Peak5017_lociStitched	chr1	171775616	171791910	4	2318	4619.349	1394.7664	635	1
4_Peak58266_lociStitched	chr7	51964633	51982806	4	2165	4933.9695	1710.0793	636	1
1_Peak1060_lociStitched	chr1	43178352	43179388	1	1037	3548.7144	325.822	637	1
3_Peak11644_lociStitched	chr11	75118866	75134610	3	2170	4770.432	1547.6352	638	1
3_Peak6691_lociStitched	chr10	27117537	27133594	3	1791	4598.7248	1379.2963	639	1
3_Peak57828_lociStitched	chr6	148553548	148556466	3	1859	3729.4958	510.3582	640	1
2_Peak19155_lociStitched	chr13	109229000	109236858	2	1818	3958.8604	744.1526	641	1
4_Peak9506_lociStitched	chr10	122782604	122808524	4	1992	5378.4	2164.32	642	1
4_Peak24130_lociStitched	chr15	38910445	38920867	4	2452	4591.9332	1379.8728	643	1
1_Peak32603_lociStitched	chr18	54698932	54699429	1	498	3524.8234	313.0603	644	1
3_Peak52996_lociStitched	chr5	132452241	132458914	3	1885	3746.8895	538.5111	645	1
2_Peak40391_lociStitched	chr2	146246296	146261026	2	2937	4551.57	1344.849	646	1
2_Peak17187_lociStitched	chr13	41822737	41828029	2	1277	3836.7	631.3356	647	1
3_Peak46243_lociStitched	chr4	22482359	22500607	3	1846	6120.3792	2919.68	648	1
3_Peak2970_lociStitched	chr1	110474770	110489768	3	1763	4520.3972	1319.824	649	1
4_Peak4944_lociStitched	chr1	169859227	169883692	4	2243	5485.053	2289.924	650	1
3_Peak64603_lociStitched	chr9	27724607	27731174	3	2087	3757.6374	562.7919	651	1
1_Peak60682_lociStitched	chr8	4165957	4166454	1	498	3801.553	606.7376	652	1
2_Peak17417_lociStitched	chr13	46835230	46845295	2	1284	4431.6195	1236.9885	653	1
4_Peak34684_lociStitched	chr19	34230860	34244461	4	2209	4482.8896	1290.7349	654	1
2_Peak42886_lociStitched	chr3	68602918	68609341	2	996	4520.5074	1330.8456	655	1
3_Peak29278_lociStitched	chr17	10621876	10642956	3	2045	4850.508	1661.104	656	1
4_Peak9629_lociStitched	chr10	125990022	126014214	4	2321	5065.8048	1877.2992	657	1
3_Peak40457_lociStitched	chr2	148141957	148162444	3	1672	5175.0162	1987.239	658	1
2_Peak11924_lociStitched	chr11	85381926	85394724	2	1995	4442.1858	1255.4838	659	1
3_Peak48650_lociStitched	chr4	107598472	107612699	3	1494	4554.0627	1370.0601	660	1
2_Peak1318_lociStitched	chr1	52454633	52465885	2	1306	4344.3972	1162.3316	661	1
2_Peak6294_lociStitched	chr10	16578530	16589841	2	996	4429.3876	1249.8655	662	1
4_Peak47678_lociStitched	chr4	80737039	80766178	4	2446	6101.7066	2922.6417	663	1
3_Peak17208_lociStitched	chr13	42593330	42604065	3	1792	4234.9575	1056.324	664	1
3_Peak7065_lociStitched	chr10	41934475	41939573	3	1494	3874.9898	699.4456	665	1
1_Peak3498_lociStitched	chr1	131527450	131527947	1	498	3979.8269	804.8915	666	1
2_Peak46768_lociStitched	chr4	40884438	40887475	2	1458	3593.3784	423.9652	667	1
3_Peak28083_lociStitched	chr16	71247568	71262377	3	1889	4407.1584	1238.0324	668	1
3_Peak5147_lociStitched	chr1	176877323	176884784	3	2042	3755.1213	587.9268	669	1
3_Peak61965_lociStitched	chr8	48834039	48841761	3	4578	3792.2742	626.2542	670	1
3_Peak25773_lociStitched	chr15	93916755	93933424	3	1728	4387.2808	1221.8377	671	1
1_Peak46862_lociStitched	chr4	45012382	45012879	1	498	3580.3383	416.8339	672	1
3_Peak24845_lociStitched	chr15	59389268	59397623	3	1857	3817.3995	655.8675	673	1
2_Peak65926_lociStitched	chr9	66787657	66801251	2	1707	4745.6654	1586.4198	674	1
3_Peak44608_lociStitched	chr3	128336618	128349486	3	1977	4278.61	1120.8028	675	1
2_Peak36052_lociStitched	chr2	21034475	21037598	2	1374	3644.541	490.6233	676	1
4_Peak18804_lociStitched	chr13	101225310	101239489	4	2228	4740.0397	1586.6301	677	1
2_Peak53582_lociStitched	chr6	8403068	8413600	2	1201	4416.0676	1263.84	678	1
3_Peak14259_lociStitched	chr12	50259013	50268541	3	1884	4118.9544	967.092	679	1
3_Peak1886_lociStitched	chr1	69785040	69799955	3	2274	4200.064	1052.999	680	1
3_Peak50895_lociStitched	chr5	52015561	52032663	3	1933	5041.6696	1896.6118	681	1
2_Peak50001_lociStitched	chr5	19546343	19553966	2	1452	3968.5338	825.5709	682	1
3_Peak4827_lociStitched	chr1	166298802	166305167	3	2017	4279.1895	1136.789	683	1
2_Peak38100_lociStitched	chr2	79499233	79512742	2	1402	4278.3003	1136.1069	684	1
2_Peak50622_lociStitched	chr5	43841166	43843508	2	1110	3395.4316	255.278	685	1
2_Peak14324_lociStitched	chr12	51188149	51191587	2	996	3583.4274	444.1896	686	1
3_Peak21062_lociStitched	chr14	64400016	64405763	3	1494	4535.5324	1397.0957	687	1
4_Peak33850_lociStitched	chr19	5804391	5822599	4	1992	6103.3216	2969.7248	688	1
2_Peak5976_lociStitched	chr10	6909693	6916938	2	1170	3892.7385	760.0005	689	1
4_Peak63682_lociStitched	chr8	115700670	115709834	4	4190	4045.906	913.6508	690	1
2_Peak46432_lociStitched	chr4	28295191	28299373	2	1492	3704.8338	578.3706	691	1
2_Peak47202_lociStitched	chr4	58400829	58402503	2	1501	3454.4664	329.778	692	1
3_Peak39584_lociStitched	chr2	128310020	128321161	3	1494	4185.6737	1065.0796	693	1
2_Peak5508_lociStitched	chr1	186249101	186261623	2	996	4277.5152	1158.285	694	1
2_Peak2816_lociStitched	chr1	105084678	105095271	2	2367	4133.3886	1014.8094	695	1
3_Peak20124_lociStitched	chr14	25133195	25149786	3	1898	4658.7528	1542.963	696	1
3_Peak13109_lociStitched	chr12	8454565	8471359	3	1682	4776.2136	1660.9266	697	1
3_Peak43397_lociStitched	chr3	84914170	84922519	3	1913	3944.9025	833.2302	698	1
2_Peak5255_lociStitched	chr1	179162288	179174644	2	2697	3971.2184	859.9776	699	1
3_Peak50561_lociStitched	chr5	42167958	42176370	3	1921	4094.1204	983.3628	700	1
2_Peak41323_lociStitched	chr3	14870793	14875167	2	1620	3569.184	459.27	701	1
2_Peak567_lociStitched	chr1	27475501	27479398	2	1586	3657.7242	549.0873	702	1
2_Peak65855_lociStitched	chr9	63632883	63642621	2	996	4016.925	908.5554	703	1
2_Peak11150_lociStitched	chr11	54833672	54846279	2	996	4391.0181	1283.3926	704	1
4_Peak67278_lociStitched	chr9	113794502	113812661	4	2611	4990.0932	1883.0883	705	1
2_Peak63060_lociStitched	chr8	91365754	91379266	2	1208	4406.2632	1305.2592	706	1
4_Peak35795_lociStitched	chr2	13005359	13012013	4	3402	4084.8906	984.1266	707	1
4_Peak63329_lociStitched	chr8	101762777	101791576	4	2242	5946.9935	2848.2211	708	1
2_Peak39884_lociStitched	chr2	135957750	135971129	2	996	4417.7458	1321.8452	709	1
2_Peak26563_lociStitched	chr16	24960830	24966869	2	996	3639.7053	544.1139	710	1
2_Peak21210_lociStitched	chr14	68213904	68224484	2	1216	4351.554	1257.962	711	1
2_Peak53117_lociStitched	chr5	136475965	136488108	2	1295	4407.909	1315.0869	712	1
1_Peak44119_lociStitched	chr3	115028086	115028960	1	875	3332.4746	240.6122	713	1
2_Peak60230_lociStitched	chr7	128610958	128623462	2	1241	4657.74	1566.7512	714	1
2_Peak9916_lociStitched	chr11	12811311	12815665	2	1188	3466.2194	375.3148	715	1
2_Peak18450_lociStitched	chr13	92657165	92668730	2	996	4096.323	1007.3115	716	1
3_Peak42403_lociStitched	chr3	52702904	52706849	3	1928	3595.473	507.7215	717	1
4_Peak18681_lociStitched	chr13	97766836	97784201	4	1992	5204.2905	2118.53	718	1
1_Peak44789_lociStitched	chr3	135731273	135731770	1	498	3225.9276	140.4522	719	1
3_Peak39182_lociStitched	chr2	115592734	115600990	3	2466	3616.9536	533.3376	720	1
3_Peak53058_lociStitched	chr5	133746857	133769276	3	1494	4918.7286	1838.358	721	1
3_Peak4938_lociStitched	chr1	169821974	169841200	3	2383	5475.5648	2395.5596	722	1
2_Peak10055_lociStitched	chr11	19823460	19835710	2	996	4463.9	1385.475	723	1
3_Peak4096_lociStitched	chr1	149326458	149338649	3	1494	4299.7657	1221.5382	724	1
2_Peak59079_lociStitched	chr7	89666355	89680008	2	1378	4659.7689	1585.1133	725	1
2_Peak24256_lociStitched	chr15	40945845	40958537	2	1426	4235.3204	1162.5872	726	1
2_Peak45368_lociStitched	chr3	149400411	149409301	2	1364	3804.031	732.536	727	1
2_Peak34277_lociStitched	chr19	23214111	23225413	2	996	4394.2176	1323.4642	728	1
3_Peak19238_lociStitched	chr13	110198369	110218933	3	1935	4990.8828	1920.6776	729	1
2_Peak1227_lociStitched	chr1	51056945	51069239	2	1522	4570.9092	1506.015	730	1
3_Peak33022_lociStitched	chr18	64777610	64796187	3	1902	4945.1974	1885.5655	731	1
2_Peak37772_lociStitched	chr2	72382275	72390475	2	1990	3895.82	838.04	732	1
3_Peak53162_lociStitched	chr5	140053510	140064725	3	2016	4243.756	1193.276	733	1
2_Peak38056_lociStitched	chr2	78927612	78931932	2	996	3549.744	499.824	734	1
1_Peak30837_lociStitched	chr17	84320416	84321373	1	958	3433.5246	384.1398	735	1
3_Peak58667_lociStitched	chr7	73317514	73331237	3	1761	4373.5201	1324.2695	736	1
4_Peak9290_lociStitched	chr10	116196605	116209281	4	2956	4459.4168	1410.8388	737	1
2_Peak4024_lociStitched	chr1	146576109	146585810	2	2124	3936.6658	892.492	738	1
3_Peak10255_lociStitched	chr11	25977597	25992648	3	2474	4370.8104	1327.4982	739	1
2_Peak38535_lociStitched	chr2	96706888	96717781	2	2117	4389.879	1348.5534	740	1
2_Peak61612_lociStitched	chr8	38652542	38656429	2	996	3520.0672	479.2671	741	1
3_Peak22450_lociStitched	chr14	105658289	105676925	3	1677	5393.2584	2353.7268	742	1
3_Peak59272_lociStitched	chr7	96566213	96575622	3	1494	4308.3811	1271.1559	743	1
2_Peak43359_lociStitched	chr3	84233643	84246940	2	1330	4289.6122	1255.2368	744	1
2_Peak7914_lociStitched	chr10	74621848	74627932	2	2309	3368.1024	334.0116	745	1
2_Peak50696_lociStitched	chr5	45298686	45301533	2	1163	3461.952	432.4593	746	1
2_Peak11221_lociStitched	chr11	57030368	57042574	2	1237	4471.0578	1442.7492	747	1
3_Peak10910_lociStitched	chr11	45881017	45884732	3	2762	3540.7665	515.2705	748	1
2_Peak67384_lociStitched	chr9	118099265	118109182	2	1200	3675.2402	650.5552	749	1
3_Peak15571_lociStitched	chr12	95302748	95315837	3	1653	4435.8621	1412.3031	750	1
2_Peak17474_lociStitched	chr13	48260282	48264782	2	2336	3561.3	539.55	751	1
3_Peak32688_lociStitched	chr18	55684320	55697037	3	3365	4346.6706	1325.1114	752	1
3_Peak6081_lociStitched	chr10	9637974	9650718	3	1873	4353.3504	1336.8456	753	1
2_Peak64234_lociStitched	chr9	13681489	13694749	2	2045	4017.78	1002.456	754	1
2_Peak21489_lociStitched	chr14	77141452	77148101	2	1226	3916.261	901.6044	755	1
2_Peak21615_lociStitched	chr14	80025646	80029964	2	1418	3464.7632	450.7992	756	1
3_Peak16180_lociStitched	chr12	119450034	119465013	3	1794	4736.3598	1724.0829	757	1
3_Peak51804_lociStitched	chr5	82719999	82734264	3	1644	4708.8765	1697.535	758	1
3_Peak6014_lociStitched	chr10	8227691	8240554	3	1695	3981.0985	969.8702	759	1
3_Peak19208_lociStitched	chr13	109736135	109759721	3	1840	5052.1212	2042.5476	760	1
3_Peak65794_lociStitched	chr9	62276819	62287379	3	1494	4034.976	1028.544	761	1
3_Peak36159_lociStitched	chr2	28066616	28068988	3	1494	3471.8964	469.656	762	1
2_Peak24174_lociStitched	chr15	39391191	39402396	2	1180	5310.0495	2310.471	763	1
2_Peak44876_lociStitched	chr3	137480956	137491875	2	1676	3987.6188	988.1695	764	1
2_Peak65602_lociStitched	chr9	57073358	57076437	2	1169	3940.1963	942.174	765	1
3_Peak45509_lociStitched	chr3	153567856	153581024	3	1638	4416.5472	1419.5104	766	1
3_Peak45823_lociStitched	chr4	7556023	7581282	3	2473	5382.6929	2386.9755	767	1
3_Peak15823_lociStitched	chr12	102190555	102206993	3	1734	4505.6558	1510.6522	768	1
4_Peak51027_lociStitched	chr5	55880207	55892126	4	2233	4135.893	1143.0321	769	1
3_Peak43958_lociStitched	chr3	107793584	107807713	3	2562	4454.8737	1462.3515	770	1
2_Peak28130_lociStitched	chr16	72604744	72615462	2	1664	3803.8182	812.4244	771	1
4_Peak27790_lociStitched	chr16	60606383	60612976	4	4850	3654.4999	669.8488	772	1
3_Peak27164_lociStitched	chr16	42164876	42173097	3	2147	4240.3918	1256.1688	773	1
3_Peak38209_lociStitched	chr2	82570022	82580541	3	2642	4076.1125	1092.9241	774	1
2_Peak27810_lociStitched	chr16	62128088	62129757	2	996	3134.7158	151.879	775	1
2_Peak11486_lociStitched	chr11	67723191	67735040	2	1665	4199.2856	1216.8923	776	1
3_Peak25116_lociStitched	chr15	68428383	68436319	3	1999	3988.6336	1009.4592	777	1
2_Peak32880_lociStitched	chr18	60780122	60783375	2	996	3647.9142	670.4433	778	1
3_Peak23491_lociStitched	chr15	18820116	18832825	3	2344	4783.6676	1807.2198	779	1
3_Peak24224_lociStitched	chr15	40157569	40175281	3	2133	4373.0928	1397.4768	780	1
3_Peak2396_lociStitched	chr1	87733275	87741149	3	1762	3857.4726	881.888	781	1
2_Peak8596_lociStitched	chr10	97940309	97942815	2	1819	3566.5392	592.669	782	1
3_Peak12566_lociStitched	chr11	108410206	108425261	3	1657	4209.378	1236.0155	783	1
3_Peak40001_lociStitched	chr2	138278055	138291806	3	2350	4855.4781	1882.5119	784	1
3_Peak42200_lociStitched	chr3	45420150	45431659	3	2142	4152.4472	1179.6725	785	1
3_Peak52250_lociStitched	chr5	102692440	102703778	3	1494	4026.1238	1055.5678	786	1
2_Peak1714_lociStitched	chr1	63964431	63974466	2	1632	3784.1985	814.842	787	1
3_Peak20875_lociStitched	chr14	59466551	59480093	3	2346	4234.5834	1267.5312	788	1
3_Peak63075_lociStitched	chr8	91558531	91567209	3	2463	3919.8526	953.7122	789	1
3_Peak36053_lociStitched	chr2	21053486	21059335	3	1494	3560.8712	594.8433	790	1
2_Peak53908_lociStitched	chr6	21277620	21288384	2	1391	3957.9228	993.5172	791	1
2_Peak66548_lociStitched	chr9	86624496	86628204	2	996	3733.956	772.0056	792	1
3_Peak61276_lociStitched	chr8	28870954	28883129	3	2070	4359.8675	1400.125	793	1
4_Peak56551_lociStitched	chr6	104028310	104040934	4	2376	4227.7776	1269.9744	794	1
3_Peak65914_lociStitched	chr9	66581764	66598110	3	2100	4920.146	1963.1546	795	1
2_Peak31749_lociStitched	chr18	25836773	25839218	2	996	3327.645	370.9065	796	1
3_Peak14264_lociStitched	chr12	50295333	50301934	3	2096	3447.7023	492.4346	797	1
1_Peak19293_lociStitched	chr13	110881308	110882653	1	1346	3208.094	252.86	798	1
3_Peak57748_lociStitched	chr6	146271011	146282468	3	2131	4276.8981	1323.2835	799	1
3_Peak39682_lociStitched	chr2	131686537	131698857	3	1617	4043.424	1090.32	800	1
2_Peak43235_lociStitched	chr3	80958574	80960762	2	1349	3231.0196	279.8452	801	1
2_Peak18656_lociStitched	chr13	97548255	97560063	2	1467	4070.2176	1119.3984	802	1
2_Peak35671_lociStitched	chr2	8380070	8390082	2	1503	4240.082	1289.5456	803	1
3_Peak4539_lociStitched	chr1	159702508	159717526	3	1494	4322.1804	1374.147	804	1
2_Peak13081_lociStitched	chr12	7411704	7422552	2	1363	3916.128	968.7264	805	1
2_Peak55601_lociStitched	chr6	77628827	77634492	2	1383	3541.1915	594.825	806	1
3_Peak49811_lociStitched	chr5	12557584	12565378	3	2513	3623.4306	677.2986	807	1
4_Peak46811_lociStitched	chr4	43182394	43188290	4	3245	3442.6744	497.0328	808	1
4_Peak25047_lociStitched	chr15	66475976	66489482	4	2792	4639.311	1696.3536	809	1
1_Peak25138_lociStitched	chr15	68754610	68755345	1	736	3180.1245	238.287	810	1
2_Peak39873_lociStitched	chr2	135833478	135842382	2	1906	3962.28	1023.0696	811	1
2_Peak13498_lociStitched	chr12	27977995	27989143	2	1626	3954.1956	1015.5828	812	1
2_Peak36250_lociStitched	chr2	32447322	32452268	2	1294	4000.8194	1062.8954	813	1
3_Peak31674_lociStitched	chr18	23436387	23457701	3	1742	5473.4352	2536.366	814	1
4_Peak30412_lociStitched	chr17	68852462	68875642	4	1992	4443.606	1506.7	815	1
3_Peak61652_lociStitched	chr8	39595755	39603319	3	1917	3494.568	564.2744	816	1
2_Peak55236_lociStitched	chr6	61345850	61349746	2	2504	3357.1832	434.404	817	1
2_Peak24311_lociStitched	chr15	41818579	41831106	2	1408	4125.1411	1202.592	818	1
4_Peak44451_lociStitched	chr3	123503216	123517114	4	2229	4561.3236	1642.7436	819	1
